295685
332331
311790
260449
274431
298566
289079
328634
266189
322191
300166
350665
300472
75340
328708
255316
295829
78901
329089
292124
337302
342107
328552
268592
176941
283468
311714
269613
328690
164541
306719
295647
349743
311954
247897
281534
326866
253573
331600
320286
302627
323168
290508
320724
70533
294781
328487
322672
257655
330997
349271
77398
306304
264954
253463
328599
250487
334075
321060
328549
280494
331821
349659
289108
295759
290853
269533
322466
95011
153021
349661
348841
343174
308772
298305
332525
345831
349002
351575